%YAML:1.0
---
camera_matrix: !!opencv-matrix
   rows: 3
   cols: 3
   dt: d
   data: [ 1.4547126624225482e+03, 0., 9.5850915867073388e+02, 0.,
       1.4618023763070221e+03, 5.2094653448320810e+02, 0., 0., 1. ]
dist_coeff: !!opencv-matrix
   rows: 1
   cols: 5
   dt: d
   data: [ 8.1655081132304880e-02, -1.4405315983662062e-01,
       -3.0511194408651332e-03, -7.6036118817767774e-04,
       2.3475882006309937e-01 ]
